100
24
181032 10052520 5107656 3449184 12370368 13245888 10986408 13358976 6962208 9184752 708168 2925240 9027633 3928140 8036424 12381564 6866322 12721002 12118854 1546236 2715087 134691 10800717 741426 
5
2423640 13193448 13408218 3387708 3190050 
16
10678608 4528080 7697736 2763360 652080 53352 8894736 9964968 8581860 7757868 9920013 6543147 7632351 10132266 1574592 2178825 
23
11949024 725496 337896 10364424 2014608 3690408 10585584 1723224 6956280 5494344 4576416 7450539 2663796 732252 11361999 8276616 12991218 5978529 4604514 3870177 11455407 6948054 6018561 
17
6545424 3656664 8208456 6279576 1160976 13764360 8426424 11273688 5626581 6787092 4651635 2820588 11457909 6666996 9496758 9980895 10744839 
25
3437328 2223000 5981808 14459304 11415504 14750232 9870576 8575536 9649872 9800808 6922536 7213464 10054704 8655669 9513855 7689063 4554474 11032569 11469585 6076524 11383266 8619390 1670085 2393163 5347608 
9
11491200 9040200 5726448 3741024 4964385 5765859 12734346 2856450 11784420 
5
4358904 9788040 4018629 8056023 4996077 
4
9948096 6067536 1902354 8287458 
24
9011472 4655304 7888344 12745656 6823584 13516752 4440072 13011504 7690440 1981776 2954880 626088 6856731 4268829 4198356 7518093 1597944 1308129 12633432 3220908 1770165 11007549 9385419 11876577 
27
2342472 7948992 13289664 2952144 2137728 2435952 9488448 12255000 5542680 2553600 8982744 11341176 9302400 6443484 10294062 6525216 12678051 2922753 5859267 1545819 12681387 11127645 11710611 547104 11089281 3758421 11355327 
27
9005088 6592848 8364864 8609280 1284552 5293248 3497064 12069408 2181960 5332920 5015088 2981784 12024720 1457415 3045351 2527437 10072635 2095008 303159 7612752 7470138 3245928 4887657 5534841 7953441 13204305 12981210 
8
8602440 321936 9195240 2019168 12111765 7624428 9515523 7295415 
24
14154240 6810360 3260856 6769320 7820856 6935304 3856392 4668528 7275024 7668552 8951736 13520856 8511387 1170519 10631832 2258472 13535820 12473304 5122428 7274982 3265527 8905035 1456998 3973593 
11
3168744 14509464 11450616 14319768 11437392 4707930 8966334 12620505 13212645 6039828 3761340 
21
6293712 655728 14937192 3651648 13801296 13405032 10287816 6606072 7598328 10404552 4998996 13339413 11405784 699309 12891138 5320086 12856527 4732950 3630402 8916711 12306504 
15
3860496 12620712 6123624 4925712 6900192 10117728 12494856 7150299 9977559 7122777 10435425 1862322 5171217 1274769 7676970 
18
8322912 6783000 174192 5962200 2045616 7155096 7770696 7377624 13234032 6228312 13014987 90072 2943603 13190961 8429655 5000247 3889359 9572652 
4
5110392 10975008 5230431 10772361 
4
6414552 3059760 8825388 5014425 
23
2863680 13210776 13233120 11694576 7057968 7539048 13048440 8429616 325584 11859192 5019648 10356612 13361514 6333396 3571188 7249545 13020408 11497941 9202773 3976095 10617654 10461696 7819167 
28
3056112 8834088 8054328 6921624 9171528 3205224 4329264 12372192 3486576 7782552 14282832 12458832 13806312 2429112 5136189 1080030 672621 1001217 2423187 12250626 6346323 8534739 12722670 210585 2142963 11369922 2180076 9045981 
2
7707312 6546900 
25
1824000 12290112 9847776 5446920 244872 228000 13110000 721392 11404560 14000568 14276904 4394928 7601076 738090 11643891 8905035 13223904 6641976 2720508 10299066 218925 12688476 2165064 11866152 1822290 
27
5732832 2108544 980400 584136 5462424 10192512 3504816 5985000 14104992 2329704 8882424 11244048 3989088 394899 7024365 2521182 13369437 1798938 9772395 5343438 12509166 9449637 10920396 2964036 1323141 6733716 5364705 
11
4236240 4770216 6622488 8001432 13343472 4603263 9532620 4280088 7491405 7815831 12186825 
7
634296 2111736 10252248 9043062 22101 5332179 11952471 
21
373008 8899752 13491216 13702800 8751552 5816736 3308736 7200240 7057512 8343432 6975159 5143695 719325 5178306 4146648 5667447 1925706 1902354 589638 11577171 10248192 
24
1496592 6421848 7612464 13537272 11741544 7621128 461016 7977720 13303800 8040192 24168 3236232 10628913 12389487 3946488 9794913 7772046 7218270 11390772 9240303 6041079 737256 8450088 11475006 
17
2124048 7276848 10747464 12532248 10182936 1495224 12743376 7795320 5132436 11015472 4322205 7434693 8134002 9706509 8782437 3585783 12357378 
19
12047976 2312376 2478816 12807216 6384912 12426912 9482520 8891544 12752952 5687880 12868620 7373811 3760089 11266089 5179557 2693820 7234116 13352757 5294232 
3
11208936 6492273 8983848 
20
7771152 11473872 11160144 11985048 10173360 5207976 9302400 13484376 6840912 67944 434514 7230363 753936 8975508 1513710 1054593 5171634 11177268 1842306 10677702 
17
2997288 12223992 6626136 4532184 7585104 1014600 11845968 1868232 12779799 8208228 3615390 12928668 5743758 4447305 6481014 5378883 2222610 
18
8148720 6790296 5570952 14189808 13689120 5189280 4449648 7572336 12263664 2575809 3544083 9771978 3687948 7621509 2502417 4157907 763110 8681523 
25
6350712 2746032 7968600 8398608 13148304 4554528 9276408 3329712 4503912 4597392 5602416 14627568 789798 9898746 10765689 8043096 2318103 1462836 11781501 7761204 231435 425340 3079128 6461415 1617126 
26
5891064 3426840 11420520 1243056 10786680 6271368 11724216 13656288 8315160 13888848 3470160 8778456 9637104 11780250 3609552 9986733 4260489 1740558 14595 12732678 6074439 8336664 8833311 6916362 11164758 4440216 
19
2118120 11688648 6933480 2613336 8607000 12919392 11102688 10674048 14384520 3896448 13020408 437016 1152171 12960360 1669251 4288428 914064 12634266 2700492 
20
11240856 14282832 9686352 5150064 5761560 304608 13439232 3639336 11548200 7227144 47121 4677906 7732848 11877411 6187029 6488520 11346153 10653516 7404669 13002477 
10
2752416 10964520 3660312 4619280 8823600 321090 4057410 655941 9769893 7524348 
19
14137368 13071696 5062512 8740152 3998664 6723720 3447816 5196576 11803104 950760 13049181 13639236 8917128 2602497 198909 12385734 8286207 6487269 2449458 
22
10373088 13039776 12893400 10866024 13366272 12196632 2482464 1686744 11347560 6441000 12955872 11648895 7893810 2343957 1912779 4241724 1293534 10746090 3881436 6188697 4373496 281892 
9
6192024 6795312 14335728 2937552 11567163 6396780 5763357 97161 9658971 
26
4611072 11930784 9615672 9220320 4666248 6767040 9430992 14338464 13356696 4549056 236208 11983680 13958616 11081358 8523480 7737435 13182204 6636972 1248915 4298853 5263374 11892840 979116 10310742 7835430 11339064 
24
2158248 4397664 14209872 5887416 1944384 4684488 4869624 13265040 676704 9306048 7489344 3727800 9637704 2498247 11953305 12930336 3097893 8058525 4382670 11861565 12343200 7815414 4431876 651354 
3
10804008 5574873 6945135 
8
5640264 1932528 5884224 1061568 478299 5915979 532926 4275084 
11
9515808 2016888 6037896 4830408 12473880 8837481 2866041 12414090 13613382 8735733 1581264 
17
8136408 9974088 7217568 10856904 10379016 13259568 14045256 9343440 4544049 7430940 7424268 3385623 9789492 13551666 4646214 8440914 10677702 
14
5385816 14534088 4919328 12572832 8585112 304608 13203024 10702722 11509617 2907324 6742056 11908269 5318835 6066516 
6
13861488 12534984 1169640 12265221 13083375 4550721 
4
404928 4171032 10535505 8086047 
25
6501648 10454712 711360 3451920 8121360 13215792 13840512 6083952 3656664 1405392 5260416 14699616 12303585 1757238 10503396 8155686 2742192 8521812 8920881 2273901 11413707 9025965 11039241 8753247 5276301 
25
9614304 11669040 1439136 14552328 5202504 4035600 10047504 8285520 5394480 13785792 11603376 9753384 648852 3840570 4968555 2134206 13493286 5161209 7118607 10255698 10666443 12893640 13199718 705564 10592634 
11
12826368 11863752 9378096 554496 1236672 8297466 1335234 10790292 9000111 5628666 13486614 
19
6475656 14424648 9347544 13497144 10676784 8806272 12164256 11469768 14914392 8345838 8568933 2926089 6132402 7463883 13447416 7882134 3932727 7680723 5386806 
23
11150568 3606048 11667672 9068016 11028360 2810784 11850984 2316936 13608864 7491624 7612464 8013489 3128751 8871258 12846936 1727631 10212330 10584711 3212568 1225146 9970053 13171779 35862 
17
11492568 7621128 9654432 14136456 1012320 10462464 1859112 6648936 7233282 2201760 577545 3770931 11258166 3985686 6517710 12095502 1072107 
28
6694080 2247624 5250840 14634864 6498912 6748800 8161488 6650760 12713736 13094952 13756608 5649384 13104072 5087136 11593434 10831158 7715751 12393240 13508715 9119373 8356680 1135074 7098591 11860731 9807423 5147031 8109816 5581962 
14
13363080 9994152 1207488 12945384 3903816 13063032 14725608 3706296 8811627 866526 13577520 10014255 2229282 9769476 
22
662568 6857328 4997760 10473864 1032384 10781208 7688616 4800768 7959480 13999656 4627488 11382015 8806206 8847072 1110888 9363318 13057104 41700 6425136 2522433 4912260 5247945 
10
5278200 9588312 5650296 7959024 14483472 6612369 5351778 514161 4370160 4511106 
18
2332440 10430088 298680 865944 13312920 2627472 8905224 1968096 11568264 9334962 2607501 3185880 1406124 12638019 5481465 12819831 7544781 2286411 
18
5830416 4798944 6345240 11508528 3435048 7005072 1156416 3556800 6123168 8129415 6194952 8076873 9222789 7154052 5510655 11057589 13537071 1972827 
7
8083512 10445136 1024176 2760540 3504885 9357063 3488622 
25
2046528 4972224 3967656 3384888 9059352 8326104 4460136 2959896 13625736 10230816 9981840 2681736 9025131 6445569 11948718 11748141 9771978 527505 12685140 8094387 4918098 6255 1130487 11256915 1891512 
22
9405912 4920696 4070256 14338008 13696416 11746104 994536 10849608 3621552 10698216 3079824 7774965 10693965 4482333 4825107 1823124 2838519 4009455 12951603 3249264 1980750 13427400 
24
3892872 2138640 2946216 1888296 14557344 4409520 13840968 2844072 9088992 2616072 2404488 2998200 5753766 3366024 4029471 1704279 7703658 5411826 1989924 7830843 7044798 10293645 1712202 5623245 
23
6671736 8864640 12370368 11575560 6821304 13773936 3892416 11047968 3314664 4569120 1407672 2804325 2074575 11582175 7241622 7439697 9626862 12968700 7306257 11465832 2529105 7392159 3792198 
23
13763904 2716848 14321592 13348488 14516760 8321544 6514416 1605120 362520 6116328 8361672 7587732 8750745 5922234 8389206 10659354 6828375 2222610 10661856 5368458 10993788 5232099 297738 
13
7447392 1527600 4470168 5821752 6795312 9094464 7136955 12099672 4009872 8840817 1977414 8264523 13384032 
28
12052536 14130528 12882912 3409968 13945392 6855504 4620648 13892952 10380840 8873760 8864184 2515752 3476088 9607008 2543700 13439910 7673634 9051819 1618377 2528688 683046 8949237 7633185 3256770 12128862 10821150 3690033 7104846 
19
14328432 1505256 7062984 13967736 6034248 2430024 10350744 4041984 11514000 11706441 6551904 7474725 4073673 5466036 12022110 418668 6385938 146367 10347855 
11
13089024 6091704 13724232 13064400 9317448 10672281 11297781 5920983 13492452 12151797 12785637 
17
6573696 2572296 3932088 6037440 6114504 8994144 6336120 2723232 6257919 11032986 3365607 12523761 1354416 138861 3893112 10716900 10570533 
6
7833624 858192 7327008 2456547 5336766 9432540 
12
3741024 6705480 7034712 2771568 4513032 12871968 12067146 12798564 3629151 10585128 5013174 12449952 
20
11830920 1034664 4403592 13436952 5663520 2251728 6406344 9522648 13721040 11227632 7322103 12228942 6672834 10549266 31692 10225674 8965917 8546832 10223589 6301704 
13
9194328 10710528 2113104 879168 1457376 216144 6110718 3419817 1117143 10001328 3380202 1411128 5850093 
29
9619776 7797144 4425936 2409504 3897888 8965416 30096 557232 3124512 5325168 14037504 8604264 9393144 10883808 9874143 2129202 2996145 8299968 2800989 1823124 9056406 2687148 7264557 4237971 4705428 6446403 12040875 4538628 3812631 
19
797544 8261352 9699576 1304616 8342976 5820384 12850080 14440608 5446920 9632283 7087749 10325337 13126326 3365190 3328077 7112769 12141372 9177336 9693999 
15
6023304 2919768 12492576 9189312 6203424 5744688 7840920 13477023 5109084 1856484 11622624 12025029 3348927 5018595 1580847 
11
6749712 10014672 8379456 6863256 13861944 12394074 9377496 1159260 7048551 4598259 715989 
25
14547768 2208864 3099432 9776184 12236760 2428200 899232 11343000 6791208 8773440 3693600 6720072 9884568 6437229 5258787 1155090 5846757 3760089 13492452 12703071 11508366 6264591 4543215 9401265 10258617 
21
819432 12590160 642048 2722320 11206200 14502168 5916144 11679528 5511672 10225344 1045836 9217368 9357897 4860969 5376798 2210934 8391291 3823890 11358663 2471559 9165243 
10
5933472 5835432 5052480 7328376 3162360 7143627 8708211 3189633 11964147 5590719 
7
682176 9597888 8762952 6087783 8359182 12696399 12154716 
21
7475664 2943936 13985520 714552 11632560 10922568 13597464 5272728 4731000 5265432 7535190 3731733 12818163 8109816 10329090 1964487 972861 5013591 9462981 3240924 815652 
19
12635760 3928440 11760240 4257216 13246344 5642544 11534520 3286848 11674056 6641976 5336766 7724925 569622 1559580 5221674 8920464 7165311 8685276 4013208 
22
10244040 1996368 314184 14821824 10411392 10131408 1507536 4051104 4905648 4487040 13630296 1602114 87570 6102795 6026484 1337736 12991218 2610003 10476708 7807074 10903716 13517055 
15
9233544 3813072 4522152 15504 10890648 8079408 3377136 13482861 2969457 8200305 12153048 3054942 7786224 1651320 3958164 
21
4810344 5994120 4744224 13720128 1955328 11307432 9908880 5450112 2671704 13996464 9470487 12879045 4261740 4519446 13029165 5013174 11234814 3396048 6247911 3742158 3805959 
20
6120888 9964056 4660776 6378072 7930752 8601984 11400912 8343432 9399528 14347584 1318554 7111935 7973457 5316333 6693267 8622309 5331345 7175736 6854229 984120 
23
14180232 10856904 8217120 9101760 5249472 5128176 4154616 8135040 9352104 14341200 937080 5766276 12215598 9099774 10578039 9754881 13553751 9503013 13433238 5352195 6184527 8286207 617160 
3
7657152 5264625 5648682 
17
2615160 5697720 6880128 9478872 12887016 7126368 8850504 4554528 9376245 5478129 12758949 600480 11859063 8065197 5022765 1663830 4675404 
27
14775768 1077528 12218064 4387632 1966272 1628832 5038800 11482992 12481176 13856016 2248080 5291424 7652136 909894 11085945 5079894 10240269 8347506 395733 4232133 10045947 7347123 10200654 2897316 2961951 6380100 256455 
21
9694104 12577392 8885616 10508520 10264560 1081632 9135048 4407240 10219416 10067568 4177923 12160137 4687497 12691812 2047887 8331243 2553708 1479933 4322205 6586515 13612548 
12
13148760 6876936 13090848 3412704 9899760 7702752 1436982 7463883 1715121 7952190 5796717 5182476 
24
9521280 13757976 13523592 8806728 10433280 2467872 710448 898776 225720 11287824 6998688 11644416 3319320 12654282 4985652 13010817 11935374 5164128 8279535 7632351 9676485 13453671 3238422 13153848 
