20
17
132660 514305 784845 239220 75330 868005 356715 514530 985189 331321 1154355 817212 1299331 634557 687652 439725 1049887 
11
558360 502605 84060 1267515 1210365 891545 1283259 164287 659977 385195 206271 
2
1037700 261826 
25
1126710 1243710 384165 812700 46620 146385 252630 329535 710955 442395 68985 1120185 804625 181630 1210361 497125 663052 727955 815162 1186786 1123646 723650 697164 676910 954808 
3
605745 839270 398643 
27
1301085 338490 1168380 215010 1319805 1346715 702090 277650 869445 77940 470745 116100 64485 214922 70561 438331 167895 1271984 127387 683634 128986 181917 334396 1088919 171954 729759 767356 
14
557550 699300 474165 577440 1162350 1399635 589275 1062966 349771 1079981 232962 7216 490155 253216 
18
588015 352485 734895 135990 822735 1224945 394920 1319625 862065 193192 77367 824920 451328 863091 1166655 763420 528572 630416 
26
753795 61380 935640 976500 860085 55440 1227150 66780 1335825 668115 57825 373950 331515 496715 744150 351288 682896 953045 847388 1001548 1218192 1317002 492492 67814 1316387 296430 
26
1372590 881280 1357200 362565 145440 621630 299790 1362915 161010 548235 72855 542340 908865 1326514 1128894 1257757 709136 113939 10004 256086 123697 835990 88601 1234469 602454 234356 
11
976185 989415 1364985 1439955 1327185 1126188 787815 116809 740419 213733 187821 
27
1012725 1216620 1322820 1335060 961560 387450 1300545 236700 1396260 190755 345195 933255 1163790 385441 428983 1168910 136284 1039186 144279 280973 849438 755261 701182 1145663 476297 661986 360431 
4
249615 419265 566989 1012044 
10
50310 822105 1127430 654345 159660 939884 803723 138211 1118275 1179611 
6
454590 1306800 836640 592081 115087 1089042 
17
690255 1185030 783180 267120 191340 1326780 451440 1099935 706102 218448 6478 906633 275602 137104 162893 1227581 733818 
9
636165 1210140 1351440 359865 938982 905280 369369 1022130 450836 
9
543060 646470 624735 1039050 242351 283269 7585 920327 1059932 
8
69930 1043460 423360 484785 1319503 1116389 1243653 19434 
6
1113345 195120 355500 901385 240547 757557 
