100
28
4471992 3489312 10260912 3480648 5332008 11316096 8356200 10217136 8929848 12826824 14566008 10639392 5874648 10697304 216423 9721521 1894848 12489567 1631721 4112454 9386253 3637074 3152937 13517889 13378194 639678 10000494 7014774 
23
4304184 2650272 11311992 13735632 4436424 5491152 9800352 6838176 736896 11816328 14863776 9066831 8439663 13213479 6887172 13351089 3928557 9859131 2201343 8272029 7107765 12610497 1407375 
20
10674048 847248 3548136 12593808 11518104 10360776 7310592 12874704 9151464 12139632 2553291 8824554 6915528 10413324 4627866 6972657 13473687 34611 11959143 3150852 
12
3255384 14016072 4488864 5775696 13195272 12011040 3888525 2611254 9460896 3067035 12629679 3078294 
26
6933024 2248080 404016 14431488 12171096 9881520 4146408 6773424 13027920 3301896 7926192 7734216 5256768 4575741 11084694 13095885 9960879 6262089 8413392 2766795 6549402 5390142 4662477 1864824 2828094 525837 
28
760608 6537216 1834488 117192 8989128 5351160 1811688 4417728 2915664 4284576 14457480 8680872 10523568 2247168 10170213 7171149 12568797 10316580 13648827 1214304 8811210 1740975 11517540 11786088 11449986 9709011 6707445 985788 
6
10368072 5894256 11990520 2615841 3545751 8595621 
12
9622512 382584 10281432 419976 4140024 7000968 4675821 1196373 1657575 8261604 9823686 3137925 
7
10648968 3875088 11919384 5131185 5184144 9673566 7447620 
2
9677688 10821567 
19
13893408 8218488 11152392 9361680 2363448 12072144 5093064 2192904 6898824 13368603 7721172 4537377 1894848 11327388 8583528 7081077 10815312 3048270 5866356 
16
12098592 4412256 2311008 1087104 14874264 2988168 2363904 8949456 10087230 2906907 10677702 8065614 8800785 6381768 3677940 11987082 
8
6530832 11552304 2471064 2011416 3382704 13273527 10086813 10156869 
14
11208480 4980432 5985456 14062584 207480 6697728 7167864 60048 2804742 12035871 9708594 1087536 8421315 12564627 
23
3348864 1969920 3561360 8110416 13734720 13982328 13498056 1270416 5648016 3155976 5929824 11188527 166383 5006085 889461 6736218 9737784 11160171 12248541 12818997 1384023 11690178 480801 
21
6116784 9604728 14032944 6553632 2083008 12632568 8736960 6672648 2483832 14321136 8580192 3845991 5930574 11469585 12658452 7922583 12366552 6649065 4498179 10408320 12527097 
3
3971304 8244924 12404082 
16
642960 8038368 13926696 10819968 1380312 3760176 14778504 9101760 4345974 10741503 2607501 3691701 6705777 12777714 4617024 3543666 
7
4967208 4209336 3958536 4553223 559197 10675200 9111033 
15
11960880 5751072 230280 2326056 8816760 5516232 5097624 4492758 9026382 3623313 9563061 75060 9490920 55461 11761068 
16
3726432 3187896 8120904 13655832 2083464 10374000 1649352 11885184 12494988 8371275 1631304 13581690 1223895 5919732 8815797 5160375 
24
1943472 11565984 2434584 13776216 10506240 2666688 12180216 9859176 7962672 2666232 7323360 2730984 8254515 2666715 4067835 7382985 1776003 48789 2314350 9142308 8306640 9429621 8338332 3571605 
17
10779384 1747848 9506232 13999656 466944 8118624 11473416 13059384 7249962 2651286 1770999 7762455 12955773 12683055 6935961 948675 5563614 
9
6604248 12875160 9636192 4434600 6163677 11123058 3833064 8427987 9498843 
17
578664 2496144 3523512 9276864 4990920 2441880 8177448 14090856 1682178 13022910 5958096 4345974 5886372 843174 338187 10640589 6232482 
10
14301528 12929424 9931680 1678992 7162392 75477 10571784 3349761 7586064 10863684 
5
10012848 3129528 9945033 17931 6579426 
26
3755616 7482048 14501712 3860952 11207568 5510760 3768840 12251808 9737424 7246296 10466112 4572312 590976 10516323 7416345 7749945 3562431 13457424 7968453 5747928 9243222 1472844 2833098 3536577 13143006 780624 
23
12540000 12853272 816240 6328368 11772096 11936712 6016008 5003232 12643056 4074816 14325696 13143006 5378049 5485635 1216806 7254132 3786777 7745358 5209998 7928421 6532305 7328775 12278565 
26
9687720 14635320 3826752 8121816 707712 11695488 4490688 10196160 13598376 1043328 10084440 4006872 11628000 4553223 669285 4788828 11281935 7965534 4062831 1249749 9689829 12566712 5540262 2345208 13330239 5980197 
25
2486568 8325648 12908904 14742480 8215296 5769312 12553680 6987744 7187928 9846864 3787080 3539472 420336 10705641 7133619 8420898 40449 7344204 3311814 7187412 121347 6457662 1418217 4991490 12967032 
18
7128648 13028832 8359392 12565992 8710056 3610608 2682648 6275928 9667200 3938982 5404737 6664077 12943680 12657201 9815346 3392295 2193003 10343685 
21
14603856 13648080 585504 5928000 139080 14128704 12344376 8707776 3269976 11799456 7509753 8518893 7213266 5132436 11374926 12467049 6412626 6350493 11083860 3812214 4622862 
27
11192520 4087584 14391360 7781640 3318312 10984128 9353016 4802136 9831816 4466064 2476080 7046568 7624320 13657584 10843251 12204339 11588013 8554338 8915877 1723461 8792445 13463262 8917962 12962028 7341702 9970053 8372943 
20
5446920 13529064 3586440 5231232 3299616 13125504 14623008 4660320 5250384 11840040 3540330 7994724 8789943 2968206 2444454 13059189 32943 1949058 1999098 7745775 
8
14553240 7740144 1942560 12646704 9374994 10418745 7659039 1953228 
25
2686752 14091768 8632536 4196112 10599720 3489312 6897456 2779320 12801744 9011472 10710528 13932624 3702960 11363667 4406022 1723461 47538 8964666 12226023 12825252 13389453 6553989 2503251 10152282 9782820 
20
11415504 2371656 12085368 9071664 10640304 2399472 3513480 1795272 7965408 6101280 13484946 6821286 1854399 6194952 1041666 2843106 1737222 13372773 6028152 13288539 
26
10878792 11689104 5889240 14534544 4202040 12894768 2624736 12327960 4942584 4530816 12906168 6100824 9223512 5456028 7042296 2921502 2446539 13660086 2663796 9825771 988707 13243920 9659805 11118471 2990307 3717972 
11
11916192 8006904 3069336 14198928 10940352 90072 11128062 7142793 5848008 11554236 278139 
20
12639408 6220296 7365768 4236240 2951232 853632 11921208 11110896 7819488 7043832 11623875 3906039 417417 11458743 2861871 6119058 13286871 4126632 3219240 3697122 
12
14793096 9798984 11038848 3186072 3387168 8294184 12651363 11728959 1201377 4552389 3422736 9232380 
10
9780744 11215320 14286480 3808512 13815888 10674783 5767110 12888636 4393095 581298 
11
806208 13697328 5142312 14864688 12008760 12492486 160962 11065929 6945969 7386738 4689582 
5
13962720 9203904 257706 3663345 3359352 
29
13058016 9721008 3028296 4687224 14017440 13668600 11481624 5320152 2227104 8933040 11674056 1522584 9651696 9564600 11568414 13069614 675957 2327277 1447824 5626581 8665677 8379615 537513 3612054 10930404 12308589 13080456 10451271 10223589 
24
5052024 3446904 11503056 194712 9976368 2273616 752400 10616592 13997832 4853208 5962656 9632088 6197454 516663 11043411 10371207 1721793 11622207 3396882 9488835 11917443 13503294 8304138 8192799 
18
13265952 2637960 4411800 6033792 13834128 8841384 1096224 2462400 12833208 8727810 12458292 2169234 111339 11245656 5280888 12030450 9835362 1564584 
14
10598808 1963992 11545920 9637104 8708232 11608392 9826344 9140640 640512 817737 12757281 205998 11471253 1750149 
22
388512 9920736 2678088 8343888 7597416 4590096 10898400 3171480 6000960 11372184 13089936 7144044 5358867 6845055 1177191 12433272 3531990 7912992 7395078 4292598 3060363 9413775 
7
356592 1523040 12789432 2721342 1973244 7001430 12460794 
15
1737360 14233128 6108576 11379480 2817624 29184 1910184 62967 3461517 6064431 11493354 12385734 12952854 7970538 6574422 
2
6440088 7443867 
7
8694096 11033376 12376752 9531369 9830775 1719708 12403248 
25
2015520 4538112 2246256 9016944 9090816 14507184 12563712 8828160 982224 8273664 8805360 11513544 6874245 7599825 12376977 636759 5551521 5844255 3031173 3896448 2665047 4847625 1920285 9415026 9896661 
3
2936640 8787441 5095323 
24
13550040 10260000 11238120 98496 5887416 11488008 8424144 4907472 5422752 6628416 9574176 3835416 9730278 2190918 9561393 12929919 7669047 4187931 11459577 11241903 13336077 2164230 4223793 5322588 
25
5923896 8901120 1723224 7073472 5098536 4975872 12068496 12343464 8460168 1374840 5665800 1714560 601731 7742022 5639925 1328562 6586932 2622930 5895129 2982384 48372 9915009 3828894 1230984 11354076 
27
7841832 13749768 1903344 2058384 4104912 9978192 9749280 14637144 5021016 3136368 5810808 881904 1506624 4079511 10875777 4811763 1080030 8063529 11564244 8405886 6544815 7219104 6863820 7937595 10156869 4945620 10763187 
3
6664440 1072524 1522884 
9
6829968 7996872 912 7581456 10673115 7768293 12213513 11144325 13332324 
27
2453736 9957672 8316072 12902976 117648 13242696 4405416 7530384 5590560 5439168 12155592 704064 8693640 11279433 5312997 10980027 10679787 967857 4957713 258540 12580473 9649797 1009557 9673566 4994409 12306504 9711096 
10
12530424 2984064 14889768 4442352 12352584 12665124 1497447 13207224 1577094 2792232 
13
14141472 9074400 1851816 10967256 14206224 1182408 1361922 1308129 8331660 482052 12756864 13406133 4236303 
15
9340704 5391288 10932600 8876496 6820848 13399104 12910728 6640308 5248362 12185574 10678119 4330962 3667932 9920847 13110480 
14
10241304 6182448 4582800 12879720 8804448 6612000 9476136 10027599 1682178 3462768 5193318 9735699 3860586 3508221 
29
2032848 12472056 4569120 12512184 14494416 3044256 9946272 1741008 11613408 10254984 14821368 5332920 11584680 6024672 1370679 1048755 188901 12213513 11049249 199743 2751783 10377045 8636904 2297670 2932344 3569520 8385453 5855514 11203956 
27
1050168 6974520 9556392 8123184 8009640 422712 13339368 7881504 10230360 4362552 14102256 13984608 7633896 6145746 2568303 2318103 7561461 2233869 4187514 9368739 6009387 745179 5762940 8962998 7315014 12070482 2524101 
10
14583792 8582832 4848648 267216 12970008 10153116 9463398 915732 12768123 12037122 
27
11877432 5829504 12781224 9036096 10874232 4885128 13148304 13494864 1272696 5816280 9138696 14727432 13533168 306078 7258719 6270429 9857046 1015812 3600795 6057342 9387921 437016 13565844 12994971 7807908 9205692 8613552 
29
7700928 6262248 13307904 783864 14408688 2350680 13910736 9521736 10164696 12473880 10655352 14550960 3599208 8736504 10121007 4681242 12712245 9261570 4517361 12363216 5870109 1059180 1004136 12921162 2890644 12018357 8744490 1101714 646767 
21
8799888 6811272 7928472 4700448 4990920 7076664 375744 3999120 13811328 1117200 12886968 11417460 10879113 1492026 10371624 311916 2071239 11270676 9113118 12755613 1639227 
13
4269984 4176048 5370312 12002832 4788000 340632 3463602 10257366 7975125 12772710 4921434 835668 3904788 
29
4018728 10041576 14915760 13581048 7802160 1599192 2946216 8016024 11316096 10082616 11852808 7364856 10853256 540360 7573137 9884985 4752132 9186510 11290275 4386840 6130317 3882270 6288360 5086149 4811346 8946735 4775067 13237248 13210560 
16
7250400 9965424 7987296 5684496 13978680 2616072 10347552 1194720 8944650 7529769 82149 9459645 7219104 9435042 8585613 10064295 
3
5792112 3330579 6275433 
23
11197536 14193456 12135984 9094920 3651648 3525792 2132256 8147808 2508912 10650792 9390864 4981482 10985865 10264038 13496622 12575052 907809 9354978 6774165 804393 12285237 10013838 11474172 
28
3248544 4513944 12585144 2870976 10047504 12236304 8751552 3913848 266760 11251800 14461584 4107192 5412720 14737464 3014910 5503566 1190118 2504919 5780454 9437127 9731529 4378500 7365888 916149 6687846 396984 175974 9354144 
5
13594272 6743328 13616718 7948437 6470172 
3
7118616 9980895 11826120 
5
5769312 7263168 398652 6662409 6819201 
25
6958104 8232168 2761992 2802576 3658488 601920 11379024 11165160 6352992 10995984 7792584 3837696 7345038 6094038 4613271 9643959 3962751 7070652 3491541 2701326 2044134 9782820 13374441 1646316 13075869 
25
9751560 6274104 3447816 3949416 12742008 3852744 4749240 6756552 2775216 12502608 673512 4289592 5556108 9169413 403239 12787722 6295449 1197207 4141644 10467534 4853463 3215070 5574456 9359565 3650418 
16
9244944 1460112 11867400 12068496 6694536 234840 11267760 14814984 1248498 4742124 5995626 7004766 13225989 12287322 9986733 4211700 
6
1891488 14740200 9741072 12008766 2088753 1269348 
2
10459728 1370262 
17
3583704 8655336 3837240 5565024 5576880 6731016 1678536 8202528 2231784 6486852 10867437 5662026 3814299 8553504 12859863 12177234 13215981 
18
7817208 2643432 11685456 12831840 10133688 5871456 3948504 7467000 853176 8985099 4736286 5244192 10003830 6678672 10527582 12309840 2626266 12895308 
18
7405896 6833616 5983632 14419632 14259120 12600648 5806248 3997752 1952136 5576541 5127015 5133687 3665013 8353761 12459543 4705428 7841685 2972376 
20
7303296 2989536 14568288 6357096 11118192 4351608 1513008 13976400 4249920 3749688 1456998 5255034 2506170 12111348 13479525 511242 5419332 7995975 4293432 6328392 
22
2731440 3972672 8777088 13425552 10082160 1605120 5301456 14756160 6440088 2637048 13587888 9735282 942420 12149295 9545547 1959066 8749077 10980861 5569452 8817048 3948156 3713802 
23
14810880 536256 10605192 10157856 720024 12658104 281808 6808536 12196176 9579648 2815344 10323669 1397784 5354280 8351676 13066695 8340000 13447416 1956564 6275433 9954624 13346502 5992290 
29
11876064 13900248 8837280 13431480 1834032 6806256 9199800 9643944 8483424 9546360 11856000 1178760 13688208 17328 5797551 2937765 11983746 8819133 83400 8726559 13117569 10259451 5176221 2704245 241860 935331 11778582 9778650 10062210 
4
13721496 1865040 11681004 12867786 
17
13954512 5870544 14532264 10797168 6407256 10028352 10028352 8368512 7066065 5504817 1223061 8932974 8489703 8738235 8429655 9640206 7201590 
6
12913464 4819920 8855976 12580890 10937076 3191718 
16
5107656 4434600 4181976 570000 5771136 11002368 3189264 8495280 7351293 11522961 11381181 116343 13195131 5325507 6672834 11043411 
21
13980048 7274568 8755200 9257256 3854112 6416832 3619272 8365320 9352104 166440 9357063 12801900 7893810 4301772 977865 7607748 4864305 1788930 13353591 4891410 8980095 
29
695856 12731976 12602016 14110920 327408 4975872 3187440 4439616 13071240 2155056 5368944 770184 3575496 8250864 6517710 1871496 3813048 9712347 9145644 678042 8060193 1083783 4356816 11765238 10923315 10221504 10047615 5470206 8817882 
26
1641600 7719168 12154224 8437368 4587816 12362616 4731456 4788912 7863264 12851904 10405008 1514832 5427312 13555002 11301534 10446267 4146231 1303125 8284122 7860867 2435280 4015710 4230882 3627066 8404218 10068882 
