10
1
502086 
9
681165 745650 339210 152235 8446 328123 864977 995439 205943 
7
1289115 1400220 451710 402579 259038 271461 918892 
2
791190 1320405 
16
377955 1322910 361305 663795 602325 520335 1386135 1153755 469286 200367 537674 993840 1087689 986747 1151034 535419 
14
232200 1287765 647865 757845 1078605 1440810 558675 1017169 501389 360349 1164072 245098 700157 388311 
12
904815 59805 1377900 1070910 645345 30960 919466 344277 1273214 1172231 1262800 260514 
17
924885 1097235 726525 1237590 1256040 985995 178920 227880 104755 199301 250428 687406 210248 58179 496387 778139 593188 
2
954765 283433 
18
390960 220095 338715 63810 261810 487485 1270395 1217115 270000 139236 854563 1117742 455264 822419 909954 706184 340218 727094 
