100
21
3413616 9959496 7435536 2329704 6936672 14585616 11504424 14638968 5053392 7700928 1051674 813150 10516740 2554959 3124998 12453288 11928285 2187582 9305772 10622241 8094804 
32
7470192 12827736 9385392 7000056 14113200 10316088 13959072 3709560 2997288 1012776 8524464 6259512 4419096 6333384 2823096 10005096 9941280 973278 12791475 11029233 11416626 2875215 723495 1121730 6134904 1529556 13020825 1074609 11492103 5174970 820656 4451475 
6
10381296 2810784 4261776 12226440 13205139 10134768 
12
4903368 3918864 7788024 2502528 9539976 6851400 5633253 6431808 7536024 13600455 10131432 4940616 
26
9725112 8652600 13669056 12826368 11043864 11513544 10927128 14296968 9533592 14607048 14042064 3283200 802104 6972657 11275263 8828307 12667209 3164613 3288045 11629296 5326758 4307193 6264174 1875666 9226542 1890261 
25
11642592 5826312 1349760 6276840 8242200 804840 8647128 3630216 499776 4686768 203832 4555440 9812427 10060125 714321 829830 6314214 8045181 12078405 6427638 4130385 6982665 11446650 4114539 2375649 
14
1395816 1780224 8368056 305976 11618424 1905168 9027888 12628845 3077043 6905520 9793245 8524314 9412107 5543181 
9
5791656 4126800 3995016 14506728 5267544 5434344 8172783 10517157 13457424 
4
13213056 1842240 2573724 5467287 
5
5339760 9279144 12336945 3528654 11352408 
8
2190624 11984136 13094496 4462416 4026969 5758353 6630300 1316469 
30
7819944 3991824 8130480 873240 5499360 10717368 12389976 7973160 3624744 4788456 14315208 7086240 169176 7850952 14348496 2257221 2723427 1620045 12175983 9524280 3629568 408660 7365888 6399699 3032841 1391112 3346425 4835115 3463185 11635968 
2
12246336 6798351 
20
5944416 11458824 9524472 1729608 12581496 5767488 6964488 14174760 3819456 11964984 1057512 1109220 4908090 10732746 11481678 11351991 5838834 4583247 11101374 5383053 
28
5557728 11203920 6617472 7858704 5435520 5496624 14440152 5194752 2172840 165984 13245888 8881512 10672224 5786640 6572754 9972972 3923553 7129449 1977831 8965500 5444352 8056023 7095672 6133653 4370577 10658520 7154052 5342604 
29
12716928 4717320 3160080 13340736 7910688 10730592 13984608 2867328 6161928 2041056 3793464 2870064 7892904 7537680 11079690 1632972 2877717 3881019 4506936 13331073 6067767 757689 13246422 1201377 4594089 9904167 11263170 3188799 11933289 
15
14565096 1715472 9192048 5144136 14812248 7061160 7259064 5500230 4103280 8361684 4318035 11276514 4338468 8578524 4019880 
28
11287824 1613328 14668608 2270880 155952 8907960 726408 7228512 545832 8905680 5780256 11042040 9139152 5938032 10332009 3418566 5500230 6917613 8466768 2527437 10044279 13106310 4444803 8568516 6500613 4151235 3947322 8906286 
30
7875120 5015544 13844616 2505264 10625256 12791256 12974568 10030176 10456536 13932168 13282368 10904784 8303304 1379856 11345736 6400533 1223061 11555904 8531403 12699735 3320154 9026382 9556389 1478265 8289960 7315848 2448624 4785075 11665158 11238984 
3
234840 5062380 6291696 
4
12226728 12949488 3695871 5093238 
4
7075752 5773416 13019157 6918864 
5
2085288 8715984 13576269 4652886 9015123 
28
10695936 12184776 13526784 4588728 1129512 5751984 7507584 12594720 11266392 10303320 14602944 414504 674424 3850920 171387 6958896 5719155 12884466 10400814 2576226 8086047 11361999 10219002 8749077 12209343 3790947 5325090 9241137 
6
3291864 9969072 6831792 3032424 6051087 13347336 
6
6462432 13806312 10410024 12355710 5512740 12899061 
25
14225376 12613872 1461480 13766640 1104888 1750128 13040232 4270896 7479312 7670832 14149680 5997312 10362867 942420 11818614 2406090 13645491 2787228 3362271 8385036 1703862 13180536 2496162 3337251 8536824 
8
14700072 7740144 7708680 1597824 12585477 2639193 4174587 6382185 
13
3717312 5629320 9247224 5085768 5306928 10518096 2523267 7403001 5891376 4159158 3973593 4415196 4388091 
14
13587432 14345304 1829928 3351144 799824 14285568 2901072 10833660 1478265 2418183 5176221 9440046 1034160 3240090 
9
2035584 292296 4394472 6669000 4282590 6646980 12401580 7294998 4845123 
21
1781136 8630712 4584624 10807656 6112224 12008304 14828664 9330672 10245864 7069824 2286411 6894678 13191795 6413877 12098004 8082711 12260217 4750464 6466836 5835915 10794462 
8
351576 202464 4442352 9288264 11082192 2581647 5704560 7418430 
29
7647120 14398656 3549504 12336168 6530376 2406768 11335704 12290568 962616 7886064 8987760 5924808 3583248 10375368 11874075 10318665 3989856 4368909 2041632 12825669 2525769 10364952 1897350 1066269 5019429 8707794 7359216 11310708 1387776 
9
3876456 13113648 8230800 2102616 6339234 13004145 5586132 12280650 6522714 
32
5238528 5562744 1487928 5762928 1309632 13565088 5204784 11747472 4593744 5986824 2468328 2891952 4167384 9010560 1736448 14069424 5538177 8070201 8435493 4825941 6910941 593391 9796581 7079409 1451577 6796683 13198884 11032986 7128198 3045768 5565282 415332 
16
13244976 3222552 9563232 11695032 9741528 282720 13355328 2122680 11992503 5907639 5137857 7452207 886542 11439561 10757349 11726874 
22
13961352 6095808 8806272 3762456 1570464 2121312 5755632 9889728 1630200 8164680 8441472 213504 2079996 10307406 13365267 7087749 11673498 9507600 13197216 3471942 2030790 7166562 
9
4026024 9629808 9790320 10860096 2279322 6608199 4364739 11792343 4784241 
24
660288 6668544 8776632 11503512 14365824 18696 650256 13674072 5281392 3498432 6578256 7055688 4661226 8108982 6816699 7874211 1649652 2516178 4411860 2206764 8964249 4326792 11971653 2068737 
32
7049304 3179232 5881944 11560512 14387712 9200712 13000560 5155992 1148208 4473816 3188808 10756128 14556888 12447888 926592 6643008 1791432 12862782 3872679 3990273 8236584 11449152 8179455 7018944 12175149 10224423 8715717 10897461 9512604 10644342 13107561 4602012 
30
11774376 921576 13699152 1604208 6181536 13788984 6351624 5789832 13723320 1408128 10338888 10908888 35568 13208496 1003200 10438344 3344340 8996358 8737818 2169651 4481499 10857846 6897180 6095706 9583494 4294683 13516221 13308138 11485848 9980478 
6
11631648 11339352 2066592 642180 8910456 12664290 
13
6425952 2853192 3828120 3391728 10213488 1511184 4162911 5075724 6827541 7472223 4885989 11285688 12942846 
16
8108592 10367616 11286000 1721400 9482064 1249440 11991432 10241304 9628530 10705224 2962785 2305593 3732567 5882202 13575852 4906839 
14
10537704 8022408 3081648 6062520 8706408 476064 4869168 3748830 2339787 710568 10937493 7762455 2336451 4238388 
14
12501696 7203432 14315208 1053360 4206600 14866056 5086680 10550934 10881198 1273935 8352510 10656018 10382466 12315261 
7
5924808 11002368 12050256 13034586 801057 10129347 3941067 
25
3393096 8760216 974016 11229456 6662616 3509832 5299176 10851888 5169672 20064 12503064 5832696 8978844 3463602 3235920 7954275 4398099 3974010 10573452 10817814 12694314 9156486 4226712 4630368 4163328 
15
13756152 4177416 13723320 9379008 12006024 4809432 3882384 7867956 12455790 7285407 11503362 9771144 3252600 1635474 13497873 
23
2190624 886920 858648 3300984 9818136 12991440 4017360 9916176 1380312 4339752 11539080 172221 13575435 2280156 1805610 10655184 9671064 4192935 11941212 549606 7616505 8217402 3425655 
22
2759256 13269144 6953088 9699120 13693680 6883776 13185696 10071216 14469792 896496 6201144 4067418 10857012 5548185 2121279 13476189 3669600 7681557 4928106 1693854 3654171 4206696 
8
9223968 7238088 12337536 1821720 4497345 10264872 11740218 5417664 
3
9735600 13632981 6773331 
5
10558680 3651192 2863956 3231750 12496656 
23
7618848 5773416 13807680 4235784 5461512 13534080 9334320 12742464 4518048 2782968 6482040 9594753 3256770 13425315 854433 3731733 8540577 1532058 562116 7186578 5839668 8767425 10735665 
15
14529528 6954000 7270464 8961312 2964912 10206648 8984112 8026833 4588668 9322869 3155022 3176706 7522680 4545300 2238039 
29
8699112 2946672 12931704 14444712 13552776 2508912 2954424 14891592 6842736 6440088 2199288 7065720 6456960 2523048 4714602 6385521 2978214 12356544 9003030 7776216 13285620 12212262 8719053 9201105 12016272 6499362 1287279 4995660 8508468 
12
8921184 8338872 1504344 10533600 2511648 7983192 12549615 7778301 13017489 793134 9365403 4669149 
18
10506696 9731496 12844152 14852832 897864 10625712 14019264 482904 14582424 4245060 10657686 7391325 6606948 3873096 8034339 4090770 7879632 2056644 
2
7275936 12499575 
10
5284584 9249960 13152864 9166968 4429128 10936242 7218687 5894712 7418847 16263 
20
4088496 4528992 2723232 1298688 13630296 12283272 6350256 9703680 4248552 10936248 21684 11573835 5084481 520416 7387572 4904337 12888219 7131951 12909903 3246345 
16
3233040 842688 11340264 1556784 12669048 5437344 12229464 3227112 12744771 13334409 27939 10236516 8927553 1866075 9597672 8873760 
3
1202928 5202075 7370058 
32
380760 10638936 13570104 10667664 1927512 12573288 14452008 13326144 6551808 9840936 6764760 1536720 5483856 7397232 2353416 1585056 9914592 2084166 6445152 11540892 11525880 9116454 9772395 7846272 11035905 9787824 7405086 10588464 4813014 1014561 2704662 6861735 
11
343824 13654920 4990464 14913936 1857744 2921919 7782471 589638 3545334 5758353 11427885 
26
5119512 2152776 11381760 4528992 9182928 260376 12926232 6723264 13784880 7329744 4885128 3046080 13338456 12755613 10815312 11876994 5483967 11593851 11727291 11334477 3438165 6360918 5734584 2183829 6297951 6890508 
3
10959048 905724 5238771 
22
5283672 12754776 9830448 4226664 14081280 13697784 14443800 13500336 4735560 6768408 4045632 7854612 7996809 9584328 9076005 1116726 9457560 5869692 7353378 9145227 2008272 11964981 
3
11520840 6340902 7538943 
9
7306488 5192016 12174288 5706384 13419477 2065818 8352927 2722593 5722074 
3
4518048 11466666 8889606 
23
2355240 3922512 5499360 2148216 14648544 2340192 8041104 3852744 3291408 4858680 6919344 12354042 12018357 13245171 5695803 1754736 9804504 8470104 12020025 10544262 11838213 5688297 4460232 
19
2608776 2987256 8536320 8161488 8382648 8639832 2997744 3505272 2378952 8413809 1705113 10279050 7304172 4213785 10664358 222261 10309908 6791679 197241 
4
8875584 5634792 2467389 13034586 
28
3881472 7182000 10984128 10347552 11078976 1205664 5319696 13398192 14017440 508440 14256384 6939408 14040240 8099016 158877 2594157 1935714 7983048 8068950 5269212 8342085 6130317 11836545 12389487 1876083 2648367 11842800 7631934 
8
8574624 12289200 10032912 841320 6248328 470793 1670919 5762523 
27
9948552 8733312 3382152 7543152 5427768 4302816 11493480 11854632 1725960 1046976 9392232 9433728 3789360 13646325 12540024 3121662 5421 4768395 6553155 7519761 6493107 2934846 2427774 977031 7644444 7325856 12823584 
26
7923912 12311544 10495296 6176976 12966360 5428224 14029296 9127752 2122680 2635680 13188432 11320656 5787096 7196586 1996179 4200858 11856144 3348510 11833626 6312963 8780352 9013872 530424 10784871 11432889 5611152 
12
12023808 322392 13902984 1741008 8163768 9181560 11914107 8337081 9235299 9584745 3614973 3160860 
22
2841336 10171536 13101336 13358976 10448784 2880096 672144 12103152 1347936 6011448 13039320 2015778 654690 4419783 8350008 10552185 8425485 5469372 9538875 7661541 1322724 6020229 
8
803472 3139104 11160600 14236320 12100506 12811074 3088719 7382985 
21
14022912 11330232 1941648 4752888 14270064 9078504 14305632 7363488 1642968 2305536 1859403 12838596 6870492 9990903 3741324 7064814 155541 11533803 12781467 10701471 9623526 
2
9072120 9932940 
19
4772952 7847304 5650296 1371192 8725104 5322888 5217096 11543184 11975016 10951254 1220976 2961117 10885368 11831124 8839149 8077290 8691114 2035377 4439382 
23
5762016 2954880 11188872 12084000 14400936 8546352 11871504 10225344 11153304 9771168 4246728 12736848 1099629 10023846 11702271 8361684 4938948 5468955 12511251 6739971 11368254 10551351 934080 
12
11314728 8896104 14227656 3124512 1995456 11097672 11792343 11930787 8013489 1976997 1201794 10481712 
5
10208016 5216184 1660494 11407452 1081281 
10
3512112 5790288 4571856 3539928 6620664 2095425 7641525 9052653 1318971 12891972 
8
13288296 4952160 4708200 7529472 11045079 12445782 2334366 4701675 
27
13752504 11914824 12617520 12239040 8939880 7472016 7906128 5693616 1221624 7305120 6024672 11392704 5234424 2368977 9479661 5675787 2020782 7125279 5437263 1991592 2248881 8733231 2306010 7936344 3543666 3105399 7792062 
12
77064 1066128 3477000 9550920 5043816 3300528 12841515 3603714 8031837 196407 2438199 12769791 
23
9058896 2734632 5310576 11803560 2274528 68856 4763376 2919768 4612896 9521736 6761112 9372909 2778471 9999660 2768880 3092055 7270395 12698484 13109229 2830596 12842349 4704177 9991737 
13
5088504 3434136 4104456 6384000 4966752 5319696 1161345 12945348 4999830 1799772 2112522 6451407 11196450 
14
13529064 14357160 9555024 2306448 3005496 827640 10486176 773952 11558406 2857284 7503081 11921613 6496443 8720304 
23
4047456 3695424 13094040 13765272 10010112 3525792 3204768 6133656 6617928 14032032 12049344 3115824 1621713 10957509 9857046 6169515 1467423 2251383 9916677 12560040 13429068 7397580 1010808 
16
12736992 9456072 1357056 13136904 12658560 14714208 12338904 13538640 3563682 9463815 7664460 125100 5077392 859020 6199539 13474938 
3
9485712 1307295 12763536 
11
7028784 4009608 1590072 5915688 1756968 9261570 11404950 4265493 2105433 12966615 9159405 
