10
21
626715 4410 395100 488610 739530 891585 1282725 890100 816345 782955 1040580 58999 208321 1082195 238456 1030248 479618 792038 201474 528408 393969 
15
493290 866790 1022580 227520 1201725 109395 1417140 863050 88765 552147 1305071 908355 523652 413977 332592 
14
1129230 985860 770355 544905 1203930 542385 1425240 166993 204467 1312164 58794 1243407 561126 1169115 
6
312930 664335 842085 356044 1115733 336241 
11
598860 366840 1410930 744705 297900 684905 833448 1339511 1090354 1108148 57728 
21
1183725 319950 699390 1470150 975645 175995 651285 1087560 757890 493470 666824 562930 122713 352641 210781 1120161 634639 1075061 1116881 1286375 847470 
3
1472760 710776 431566 
6
637470 747765 492795 573262 999539 752309 
21
1073790 49095 361170 786870 713925 1357605 49140 101520 621630 1101105 1125040 292986 86879 294011 262892 1187729 874776 384662 1037669 50184 1181046 
22
483480 634680 1312380 1201140 1203345 1372545 581445 861030 1127565 6795 510030 558338 799787 512582 96063 377323 52521 581954 351657 258669 408852 396265 
