100
27
6646200 9866472 9762960 1210224 1502976 983136 12022440 976752 3145032 6217104 1592352 13795368 13128696 1182195 11877828 12525012 3325992 5318418 6493107 6033990 13474521 2341455 2861871 9055989 721827 10586379 82983 
25
9270936 3930720 5850024 6289152 12520848 4820832 6074832 12014232 5593296 11115000 11776656 7686792 4161243 12138453 2626266 11782335 4978980 668868 10090983 13560840 1450326 1485354 9010536 871530 13462845 
24
4979064 4097160 13607040 3029664 7221216 5790288 4310112 10331592 12324312 13728792 1369824 13410048 12843183 8660673 13475772 5915979 9053487 7099425 612573 6537309 10307823 12044211 1098795 12413256 
27
10814496 1932528 14432400 8565048 1041048 1742832 5851392 11123664 5631600 3499344 6204336 928416 10538160 858603 7017693 12818997 10829073 13252260 4686246 8590617 9490086 11114301 10267791 11239401 2000766 6619041 3790947 
16
4487496 4751520 615600 3493416 14890224 13523592 6494352 670776 3062448 4584498 7056891 7391742 12668877 5528169 7089834 9190680 
9
12147840 5548608 837216 4761552 12198084 8864169 10308657 5352612 12152631 
22
3615168 4967208 6091704 1820352 10754760 7839096 5300088 7602888 7142784 10184760 299592 11055504 7832928 10296147 9488835 3101229 9052653 6273765 8903367 2061231 6178272 7713666 
23
13584240 8294640 13994640 12483000 7543152 6158736 6033792 6073920 9109512 6489336 14260944 310248 8191548 298155 4154571 3931059 12458709 8427153 4966887 3532407 6923451 6073605 8723223 
14
10651248 1519848 1367088 14682288 3575496 9644400 7461072 5701641 8669430 4659141 11398695 13050432 13307304 9891240 
24
9505776 860016 1985880 5559552 4591920 13424184 5526264 6220296 12104520 11695944 9597888 7643928 9806589 9357063 6100710 5660775 7202424 4307610 7445535 8901699 9733614 8015574 9521778 13057104 
18
11582856 4431864 14560536 1359336 2418624 8608368 4305096 4204320 6465168 7221189 3599127 6526050 8477193 2847693 10625577 5781705 11861982 7732431 
13
14888856 11905248 7009176 9883344 9990960 11312448 1001634 1983669 990792 10217751 2617509 5843004 8048100 
27
12306528 6014640 5342952 14571936 7461984 12232656 9216216 2405856 8858712 14383608 11668128 4086672 3935280 6292947 2177157 4378083 2454045 9982146 9905001 2763042 9339132 1592106 11435808 2288496 7508502 3210900 4455228 
21
14882472 8458800 12643968 7575528 1567272 12249528 13458384 3388536 4564560 1627920 6125730 1022901 1083366 6287943 6773331 3717555 7402584 9480078 7957194 9544296 778122 
28
8432808 2496144 8099016 10045224 9017400 1223448 9223056 3578688 11462472 3922512 3853656 2658024 2186064 3223464 1427808 7979295 12260217 8682774 1194288 1775586 1545402 5639091 7135287 5504400 12733512 12798147 4535292 11784420 
22
14455656 8258160 14192544 3101712 12900696 11630736 5645280 1062480 6602880 10484352 1995912 9854127 3514893 5551104 3090387 11613450 7860450 7759119 9686910 7591485 11293611 2998230 
26
7166040 12242688 3544032 1398096 6432792 7380816 3040152 7585560 5978160 7450584 11995080 12092208 5653488 5049870 5567784 5991039 11940378 8136087 123015 7491822 7445535 4755051 2065818 11344902 11600106 2186331 
11
12923040 1719576 4952616 5335200 435024 12945348 4725444 4389759 6717453 4971891 1054593 
4
4886496 8643480 951177 9899163 
28
12429648 10014216 10838664 3223920 2643888 4432320 7871928 11520384 9357576 9278688 7235352 3972216 8462904 14205312 10567197 5167881 11568414 8034756 5972274 8614386 6113637 6140325 8916294 2902737 1851480 9914175 11958726 2381487 
6
242592 7756104 5295528 8966334 4229214 3109152 
7
10548192 357960 11137344 5252532 937833 9264489 13182621 
31
4995024 13634856 3460584 778848 14048904 10123656 6107208 6602880 14845992 13305624 7885608 2693592 5747424 3298704 887832 12542526 6458079 2156724 4574907 10434591 1703445 253536 2021199 8221572 5328426 688467 972027 3686697 8056857 3915630 7039794 
25
1554048 4621560 955320 969000 9537240 8630712 1736904 13808592 3708192 7108584 5462424 14407776 12383649 10091817 2032458 685131 12175566 5605731 2665464 12414090 10643925 13559589 11029233 9703590 4394763 
28
67488 11418240 14776224 2167368 9884256 3425472 6862800 9195240 2546304 3725520 12531792 13715568 9882432 6259056 12149712 8611884 4237137 13454922 662613 5525250 10449186 9432123 7134453 11146410 3049104 9142308 3124998 8909622 
17
4372584 13149672 11918928 6840912 5683584 14607960 5527176 4547232 9244056 80064 3602046 6865488 17931 8256183 10386636 1487439 13418226 
28
5336568 8992320 11508528 7106304 7101288 5769312 9742440 2610600 2954424 2966736 14295144 14788992 10460640 6646656 2331864 11623458 7172400 13659252 9054321 2367309 4903920 6839634 12659286 10326171 6395946 9123543 10217751 12350289 
7
10154664 2997744 983136 6024816 1877751 12032535 10359114 
3
9681792 3830562 872781 
28
8324280 10669488 7235352 1793904 12927600 10415040 6352080 11866032 12773016 2785248 1485648 11818152 6922992 8811744 1735971 3062865 12708492 12939927 8373360 8250762 10259868 2640027 13455756 6110718 6421800 12392406 5095740 3646248 
3
6745608 11080941 1250583 
3
13671792 553776 2416515 
26
11292384 3007320 922032 13515384 8343432 2781144 9357120 8397696 12074424 14109552 4608792 3134088 1321488 7004349 1844808 11696850 8327073 774369 9878313 11049249 6442650 9606846 12407001 5659941 7827507 6060678 
14
6694992 8436912 13347576 6225768 2771112 11387688 2739192 7722006 9374160 5690799 10514238 1451577 4403103 3479865 
3
4166016 1135908 9467985 
31
3403128 10232640 9415032 14777136 5921616 282264 3405408 564528 11879712 14493048 8714616 5909304 4550424 1991808 10450608 2504502 9111867 6350910 9054738 10681038 4416864 5369709 5874279 1256421 10298232 5819652 1828962 3356850 6481848 10697718 4267995 
4
5230320 1243056 13219317 12229776 
4
12864672 8557296 8080626 3670434 
30
7573248 3963552 7580544 5780712 14310648 538536 10015128 13973664 12146928 2033304 13078080 4468800 4516224 5565480 10626624 2476146 5601978 211419 2705079 7242873 10462530 3431493 728916 11818197 4026969 4847625 10896210 1184697 5596557 3299721 
14
10192512 358416 8213472 4291416 10847328 2539464 13659480 12054219 8044347 6832545 7992222 8729895 10326171 6220806 
18
2575488 9914808 5686776 12010128 13051632 14352600 5510304 14367648 11261832 1326060 1557912 10965432 5163711 8915460 7603995 13271442 12518757 4158324 
9
6724176 12644424 12652176 10154664 13286037 4607016 2234286 6450990 441603 
11
8408640 7653048 2186064 14347128 5663520 180144 7133619 148869 3409392 9071835 10836579 
16
14492136 10238568 14539560 12766176 5032416 13862856 4299624 8462448 12064227 3992358 543768 2923170 12443280 3450258 2226363 5848008 
7
9295560 4722336 7685424 4651635 4310529 5212500 8976759 
24
9480696 6990480 1105800 13001472 5060688 11358048 4788912 11159688 13460208 5582352 14187984 5139120 13381947 7679472 175140 7749528 2373981 1039998 1507038 7662792 9833277 9616020 12220602 11192280 
11
7814472 6513960 10664472 7237176 13438320 4890993 9817431 5280471 10360782 1943637 1538730 
12
2455560 7729656 6629784 5999592 11036112 4956264 7266642 1578762 12905733 11208960 4041147 6665745 
11
10004184 2731896 2350680 12996000 11762520 6606948 9704424 8174868 2517846 4262574 11793594 
10
13056648 7976808 12020616 781128 2895144 5778369 4790496 6764574 6285441 4464819 
17
6103560 5314224 1859568 705888 13615704 14387256 11289648 5966304 4212534 11525463 8243256 3718389 10761936 1024152 164298 5498145 4498179 
23
10778016 14094048 12831840 1907904 7419576 10407288 2635224 14931264 11037480 6114048 10339344 7917996 4828026 3970257 6816282 12638853 9034305 5554023 11149746 8596872 8614386 1456998 4524450 
4
3181968 2114016 6491439 13037922 
19
9332952 2381688 11117736 6488880 7432344 116736 8575080 7375344 9736512 8377947 4930191 12352791 5006919 11628879 11448735 12119271 2958198 10676868 13314393 
12
1592808 2522592 8056152 155496 8809920 2302344 2901903 4222125 1693854 1452411 2085000 9690246 
32
2819904 6352536 12692760 8660808 9988680 2958984 12224904 599640 7494360 1667592 9998256 3311472 3353880 10887000 10419600 11812680 9346638 6422634 3488205 4675404 8690280 12901146 5355114 8323320 10168962 1008723 1295202 11744805 157626 12698067 5702892 8754915 
2
10044312 3714219 
12
1273152 7724184 2535360 205200 9514440 1736448 9435042 3488622 3015327 3775935 13125492 10038441 
12
13784880 8801712 596904 9361680 10122288 10571448 9904167 12065061 9290760 3679191 9256149 1018731 
7
13125504 7850496 7443744 12469551 12982878 8999694 7907988 
11
7549536 7025136 4038792 7932576 436392 5525667 505404 3537828 7541862 4685829 11211462 
10
9029712 5371680 13449264 2627928 3110376 5129934 700560 1097127 7591902 10202739 
16
14174760 7977720 4687680 14153328 13284648 11245872 14129160 14385888 10696884 3126249 1495362 6844638 9008451 5279637 6785007 1334817 
26
7872384 3532176 11411400 12238128 6369408 10902504 9110424 8999616 3226200 9441480 318288 3257664 3020544 252702 3936480 10232346 10687710 3594540 1295202 3075792 1522884 9007617 10652682 6485184 9287841 4351812 
31
6737400 6740136 5593296 1148664 4799856 10834104 364344 4928448 1428648 5596032 6599232 1968096 1165992 9214392 1286832 3647499 12590898 13306887 6123228 8105229 7749528 7919247 10310325 650520 11621373 6651984 9140640 9169830 733920 1839804 7071486 
20
2798472 9395424 1064304 1855920 4199304 14845080 6218472 9582384 6969048 745104 12885300 5103663 1786011 1062099 13479525 4008204 12642189 12527514 2011191 10117671 
12
9915264 12334800 14099064 8987760 9266832 5472 11073018 3428157 8901282 10697718 5338851 767280 
2
11608392 12578805 
28
14349408 11613864 12724680 10768896 4996848 12513552 11562336 10371720 710448 3549504 9516264 13002384 5355720 5729640 2410677 9306189 7557291 2317269 13007064 3013242 7300002 11415375 12321099 2774718 945339 11578005 11238567 2069988 
7
12510816 10132776 1409040 477882 1766829 1988673 7571469 
24
13225368 4521696 1619256 11293752 5977704 12927144 4534464 13557792 8681784 13132800 3043344 8189304 1866492 3730482 4868058 7282488 6998511 2470308 6196620 113007 1362339 5937246 6470589 1559580 
9
2096232 8681784 6098088 2245800 10101408 7766625 9095604 28356 6301287 
31
3192000 10326576 8622504 10137336 6775248 4784352 5333376 2966736 10905240 10948104 2071152 8421408 3011880 7845480 6192024 13002477 11892423 7995975 4663728 12691812 5796300 2559129 7948854 7567299 706398 2384823 12024195 3711717 12062142 3566184 3851412 
26
3184704 14701896 6017376 5300088 2508456 5044272 9723744 11876064 14358984 9266832 12127776 4539024 6073464 7169064 12306504 725163 11452905 71307 9410022 4510272 1279356 12981627 11045079 11545062 9822435 2629185 
13
1166904 745560 13306992 4908384 14207136 4898808 11041743 47955 8173617 6874245 7186995 4535709 7212849 
27
8760216 14108640 4413624 4750608 7005984 7769328 13088112 10720104 9765696 5921616 3219360 207024 2349768 9467151 12899061 11624709 12954939 4213785 6222057 3768429 9510102 4021131 12468717 4773399 984954 7938012 2632104 
29
7519440 5070720 13862400 2988624 11773464 11334792 4442352 12969096 7167864 7775712 10892472 10994160 6637992 11247240 2240124 6912192 6790428 10143942 585885 6182025 7192416 2586651 9138138 13089630 144699 3864339 1408626 6146163 4540296 
23
3756984 11480712 11934432 8624328 4403592 7446024 11555952 13848264 1828560 4394928 12326592 8593119 12624258 9980478 4102446 12718917 8125245 9694833 3102063 608403 1534977 13072950 13027914 
28
8082144 9481608 6421848 10368984 12205296 9080328 8057064 14704176 14578320 5815824 5731920 14874720 14549592 4482480 12713913 7310844 10413741 11916609 12676800 11288607 10502145 379053 6726210 5033190 6070269 881955 3803874 773118 
13
14629848 9456072 5101272 3046536 2381232 9596520 9722772 10278633 13358178 6549402 3825141 12880713 4302606 
26
11276880 10961328 8196600 10137336 8603352 7309224 504336 11092656 7457424 5261784 9120912 4816272 6116328 12718917 2280156 1547487 8773680 6245826 10812810 13656750 8164443 970359 7411341 11859897 12648444 5315499 
23
14496696 987696 166440 3279096 11044320 6297360 1857744 12609768 6988200 14159712 12813600 5017344 10309491 6025650 7445535 1604199 1690518 4153737 7565214 10504230 9905835 967857 11374509 
2
7759752 6475593 
6
12822720 4970856 14765280 3454845 11760651 626751 
22
13944024 7420032 14473896 7131840 6606072 11654448 6808080 10495296 9217128 14656752 12720120 13643823 11530050 3564933 2853114 1273518 10638087 8720721 256455 5173302 2095425 9424617 
20
7133208 10524480 13378128 5008248 8845032 11183856 462840 12385872 4381248 6615192 7066065 10595553 12365718 3492375 1751400 11079690 1916115 9337047 13250592 4586583 
26
11073504 1936632 2787528 9134136 3899712 13581048 8490720 1475616 7887888 586872 392160 3727800 4251744 10837830 10138104 325260 8701539 5362203 12723087 8613135 12172230 8502630 8570184 4115373 11653899 771867 
12
8498016 9316536 11958600 13539552 3002304 6229416 2144214 2817669 6161175 5971440 1696773 2838519 
28
5105376 1908816 14001480 10333872 4863696 13397736 11477976 13275984 5283216 13263216 11573280 4721880 8615664 2462400 9778650 4659558 6270012 1918200 6000213 9111867 8889189 1137576 13402797 2175489 1846476 10944999 1954062 3229248 
2
6013728 11369505 
2
2206128 7463883 
10
9312888 9240840 1224816 523944 8547264 13539156 6702024 9395427 8404635 13054185 
18
9541800 7182456 14264592 14741112 9948096 5898816 1999104 14350320 5743320 10894125 11149746 7534773 10637253 11929953 7309593 5375964 10141857 732252 
20
6154176 2171472 1657560 11306064 8521272 3610152 4436424 3079824 13521312 1100784 8727393 8600625 5468955 13087962 11991669 3182127 8839566 13582107 8184042 1431978 
28
10055712 536256 13879728 11958600 8186568 10160136 4153248 9644856 1888752 3428208 13354416 9686352 9560952 13547760 11743137 11036322 11555904 9240720 969108 7751613 7094838 5389308 12479976 5616156 10811142 5756685 7496409 8539743 
8
10875144 10771176 7570968 1874160 375300 6632802 10966266 9958794 
3
11478432 8955075 1473261 
5
2407224 12591072 10524246 3630819 11753562 
7
1704984 2835864 2278632 9864552 824826 2002851 4895580 
2
11667216 5951841 
